00010000000100000001000000010000000100000001000000010000000100000001000000010000000100000001000000010000000100000001000000010000
00001111000011110000111100001111000011110000111100001111000011110000111100001111000011110000111100001111000011110000111100001111
00001110000011100000111000001110000011100000111000001110000011100000111000001110000011100000111000001110000011100000111000001110
00001101000011010000110100001101000011010000110100001101000011010000110100001101000011010000110100001101000011010000110100001101
00001100000011000000110000001100000011000000110000001100000011000000110000001100000011000000110000001100000011000000110000001100
00001011000010110000101100001011000010110000101100001011000010110000101100001011000010110000101100001011000010110000101100001011
00001010000010100000101000001010000010100000101000001010000010100000101000001010000010100000101000001010000010100000101000001010
00001001000010010000100100001001000010010000100100001001000010010000100100001001000010010000100100001001000010010000100100001001
00001000000010000000100000001000000010000000100000001000000010000000100000001000000010000000100000001000000010000000100000001000
00000111000001110000011100000111000001110000011100000111000001110000011100000111000001110000011100000111000001110000011100000111
00000110000001100000011000000110000001100000011000000110000001100000011000000110000001100000011000000110000001100000011000000110
00000101000001010000010100000101000001010000010100000101000001010000010100000101000001010000010100000101000001010000010100000101
00000100000001000000010000000100000001000000010000000100000001000000010000000100000001000000010000000100000001000000010000000100
00000011000000110000001100000011000000110000001100000011000000110000001100000011000000110000001100000011000000110000001100000011
00000010000000100000001000000010000000100000001000000010000000100000001000000010000000100000001000000010000000100000001000000010
00000001000000010000000100000001000000010000000100000001000000010000000100000001000000010000000100000001000000010000000100000001
