00001111000111110010111100111111010011110101111101101111011111111000111110011111101011111011111111001111110111111110111111111111
00001111000111110010111100111111010011110101111101101111011111111000111110011111101011111011111111001111110111111110111111111111
00001110000111100010111000111110010011100101111001101110011111101000111010011110101011101011111011001110110111101110111011111110
00001110000111100010111000111110010011100101111001101110011111101000111010011110101011101011111011001110110111101110111011111110
00001101000111010010110100111101010011010101110101101101011111011000110110011101101011011011110111001101110111011110110111111101
00001101000111010010110100111101010011010101110101101101011111011000110110011101101011011011110111001101110111011110110111111101
00001100000111000010110000111100010011000101110001101100011111001000110010011100101011001011110011001100110111001110110011111100
00001100000111000010110000111100010011000101110001101100011111001000110010011100101011001011110011001100110111001110110011111100
00001011000110110010101100111011010010110101101101101011011110111000101110011011101010111011101111001011110110111110101111111011
00001011000110110010101100111011010010110101101101101011011110111000101110011011101010111011101111001011110110111110101111111011
00001010000110100010101000111010010010100101101001101010011110101000101010011010101010101011101011001010110110101110101011111010
00001010000110100010101000111010010010100101101001101010011110101000101010011010101010101011101011001010110110101110101011111010
00001001000110010010100100111001010010010101100101101001011110011000100110011001101010011011100111001001110110011110100111111001
00001001000110010010100100111001010010010101100101101001011110011000100110011001101010011011100111001001110110011110100111111001
00001000000110000010100000111000010010000101100001101000011110001000100010011000101010001011100011001000110110001110100011111000
00001000000110000010100000111000010010000101100001101000011110001000100010011000101010001011100011001000110110001110100011111000
00000111000101110010011100110111010001110101011101100111011101111000011110010111101001111011011111000111110101111110011111110111
00000111000101110010011100110111010001110101011101100111011101111000011110010111101001111011011111000111110101111110011111110111
00000110000101100010011000110110010001100101011001100110011101101000011010010110101001101011011011000110110101101110011011110110
00000110000101100010011000110110010001100101011001100110011101101000011010010110101001101011011011000110110101101110011011110110
00000101000101010010010100110101010001010101010101100101011101011000010110010101101001011011010111000101110101011110010111110101
00000101000101010010010100110101010001010101010101100101011101011000010110010101101001011011010111000101110101011110010111110101
00000100000101000010010000110100010001000101010001100100011101001000010010010100101001001011010011000100110101001110010011110100
00000100000101000010010000110100010001000101010001100100011101001000010010010100101001001011010011000100110101001110010011110100
00000011000100110010001100110011010000110101001101100011011100111000001110010011101000111011001111000011110100111110001111110011
00000011000100110010001100110011010000110101001101100011011100111000001110010011101000111011001111000011110100111110001111110011
00000010000100100010001000110010010000100101001001100010011100101000001010010010101000101011001011000010110100101110001011110010
00000010000100100010001000110010010000100101001001100010011100101000001010010010101000101011001011000010110100101110001011110010
00000001000100010010000100110001010000010101000101100001011100011000000110010001101000011011000111000001110100011110000111110001
00000001000100010010000100110001010000010101000101100001011100011000000110010001101000011011000111000001110100011110000111110001
00000000000100000010000000110000010000000101000001100000011100001000000010010000101000001011000011000000110100001110000011110000
00000000000100000010000000110000010000000101000001100000011100001000000010010000101000001011000011000000110100001110000011110000
00001111000111110010111100111111010011110101111101101111011111111000111110011111101011111011111111001111110111111110111111111111
00001111000111110010111100111111010011110101111101101111011111111000111110011111101011111011111111001111110111111110111111111111
00001110000111100010111000111110010011100101111001101110011111101000111010011110101011101011111011001110110111101110111011111110
00001110000111100010111000111110010011100101111001101110011111101000111010011110101011101011111011001110110111101110111011111110
00001101000111010010110100111101010011010101110101101101011111011000110110011101101011011011110111001101110111011110110111111101
00001101000111010010110100111101010011010101110101101101011111011000110110011101101011011011110111001101110111011110110111111101
00001100000111000010110000111100010011000101110001101100011111001000110010011100101011001011110011001100110111001110110011111100
00001100000111000010110000111100010011000101110001101100011111001000110010011100101011001011110011001100110111001110110011111100
00001011000110110010101100111011010010110101101101101011011110111000101110011011101010111011101111001011110110111110101111111011
00001011000110110010101100111011010010110101101101101011011110111000101110011011101010111011101111001011110110111110101111111011
00001010000110100010101000111010010010100101101001101010011110101000101010011010101010101011101011001010110110101110101011111010
00001010000110100010101000111010010010100101101001101010011110101000101010011010101010101011101011001010110110101110101011111010
00001001000110010010100100111001010010010101100101101001011110011000100110011001101010011011100111001001110110011110100111111001
00001001000110010010100100111001010010010101100101101001011110011000100110011001101010011011100111001001110110011110100111111001
00001000000110000010100000111000010010000101100001101000011110001000100010011000101010001011100011001000110110001110100011111000
00001000000110000010100000111000010010000101100001101000011110001000100010011000101010001011100011001000110110001110100011111000
00000111000101110010011100110111010001110101011101100111011101111000011110010111101001111011011111000111110101111110011111110111
00000111000101110010011100110111010001110101011101100111011101111000011110010111101001111011011111000111110101111110011111110111
00000110000101100010011000110110010001100101011001100110011101101000011010010110101001101011011011000110110101101110011011110110
00000110000101100010011000110110010001100101011001100110011101101000011010010110101001101011011011000110110101101110011011110110
00000101000101010010010100110101010001010101010101100101011101011000010110010101101001011011010111000101110101011110010111110101
00000101000101010010010100110101010001010101010101100101011101011000010110010101101001011011010111000101110101011110010111110101
00000100000101000010010000110100010001000101010001100100011101001000010010010100101001001011010011000100110101001110010011110100
00000100000101000010010000110100010001000101010001100100011101001000010010010100101001001011010011000100110101001110010011110100
00000011000100110010001100110011010000110101001101100011011100111000001110010011101000111011001111000011110100111110001111110011
00000011000100110010001100110011010000110101001101100011011100111000001110010011101000111011001111000011110100111110001111110011
00000010000100100010001000110010010000100101001001100010011100101000001010010010101000101011001011000010110100101110001011110010
00000010000100100010001000110010010000100101001001100010011100101000001010010010101000101011001011000010110100101110001011110010
00000001000100010010000100110001010000010101000101100001011100011000000110010001101000011011000111000001110100011110000111110001
00000001000100010010000100110001010000010101000101100001011100011000000110010001101000011011000111000001110100011110000111110001
00000000000100000010000000110000010000000101000001100000011100001000000010010000101000001011000011000000110100001110000011110000
00000000000100000010000000110000010000000101000001100000011100001000000010010000101000001011000011000000110100001110000011110000
