000000000011111010011111011110111011110111100100001101101101110101100011001001011100000100101110000110110110011010111101101001011110011110101001000100100010100010000011100111111101011101101101101001000110011011010111001001010010010100111101010000011100111010000011011000001011011000100111110001101111000101010100001010110000000101
000000000011111011101111011001111010110111100000111101100101110101110011001101011100010110101110101010110100011010110010101000101110011000111001011001100011001010000011110111100101011101110101101001110110001011010111110001010010110100100001010001011100111101000011000101001011001100100010000000000000000100000100001010000000001111
000000000011111110101111000011111011101111100001000000000000110100111011001001011100001010101110010110110001111010101111101000001010011001001001000100000000000010000101000111101011011101100001101010010110000010010110101001010000100100100010010001110100111000110000000000000000000000100111110001111100000000000000001010110000000100
000000000011111110101111010011111011010011100010111101111011110101101011001011111100000001101111111010110111011010111101101001010110011100010000000000100010101000000000000111110000011101011100000000000110011011010110000101010111000000000000010001011100000000000011011110001010011100100001110001101001000101101100001000010000010000
000000000111111001011111000111111011110100000000011101111100110101010100000000011100000110101111110010110100011010101111000000000100000000011001010101100010110000000000010000000001000000000100000000010110000110010111111000000000010000000001000000000100000000010011011100001011001100100101110001111101000000000100000000010000000001
000000000111111101011111010100000000000100000000010000000001000000000100000000010000000001000000000110110110111010111111000000000110011100111001011111000000000110000001110000000001011100010101101010000000000001000000000101010011000000000001000000000100111101010000000001001011000100000000010001110110000100100000001010000000000001
000000000111111111111111001010000000000111100101111101110001110100110111001111100000000001101110111010110110010000000001101000111010011110101001001001100011101010000001000000000001011101111001101000100000000001010111011101010101100100101010010000110000111011010000000001000000000100000000010001110111000000000100000000010000000001
000000000111111011110000000001111011110011100111011101110001110100000111001001111100000111000000000100000000010000000001101000101110011000101001010001100010111110000010110111111100011100001001101111110110001111010110101101010000110000000001010001100100000000010000000001000000000100000000010000000001000101010000001111100000000011
000000001011111010111111011011111010101111100001010000000010110101100100000000101100010010101110100010110111010000000010000000001010011001011001011000100010011110000100000111110011000000001000000000100110000101000000001001010001110100111011000000001000111110100011001010001011110000100110100000000010000000001000001100010000001010
000000001000000000100000000010000000001011100011010000000010000000001000000000101100011001101111011000000000101010110111101000010100000000101001010111100011011110000001010000000010011101010000000000100110001001010110101000000000100100100001000000001000111000100011010111000000001000000000100000000010000000001000001111100000011110
000000001000000000100000000010000000001000000000101101111100000000001000000000100000000010000000001000000000100000000010101001011010011011000000000010000000001000000000100000000010000000001001101111100110010000010110011001010010000000000010000000001000111011100000000010001011000100000000100001111111000100010000001011000000000100
000000001011111001100000000010111010010111100001001101111111110101111011001001001100000001101110110010110011001010111000000000001000000000100000000010000000001010000100100111101100011101010001101001000110010001000000001000000000100000000010010001111100000000100011000011001010000100000000100001101100000100101000001100110000001010
000000001111111010110000000011111011110111100010111101101010110100111111001101101100001110101111101110110000111010111101101000010000000000111001000011100011001100000000110111100110011101101100000000110000000011010111010000000000110100111111000000001100111000110011000100001011001000000000110000000011000100011000001111110000001101
000000001111111011001111000001000000001111100101001101111100110101011011001110111100001100101111010110110100100000000011101000110010011001100000000011100011010010000110010000000011000000001101101010100110011101000000001101010111000000000011000000001100111001000011010001000000001100100011100001100011000100110100001000100000000110
000000001111111111101111010101111010100100000000111101111010110101110011001001011100011101101110110010110101101010110111101000010010011001011001001101000000001100000000110000000011000000001100000000110110000111010111000000000000110100100111010000010000111111110011011010000000001100100100110001101101000100011100001010100000000100
000000001111111011101111000101111011101111100000100000000011110101100100000000110000000011000000001100000000111010100101101001111010011100111001011000100010010010000001010000000011000000001101101010000000000011000000001101010000010100101111010000111000000000110000000011000000001100100100000001100010000101011100001000010000001101
